       0     170     0  9.080e-02 -3.212e-03  1.492e+01     0     0    -1   1.73775785752406375372914e-02  1.138e-01  7.866e-01  1.017e-01 -5.691e+01    0    1    0    0 NULL NULL
       0     659     0 -5.342e-02  8.349e-02  1.503e+01     0     0    -1   6.70607316245636631002469e-02  4.177e-01  6.031e+00  6.690e+00 -4.057e+01    0    1    0    0 NULL NULL
       0     678     0 -7.134e-02 -2.680e-02  1.495e+01     0     0    -1   6.85979087223007460982771e-02  6.836e-01  4.331e+00 -8.578e+00 -2.824e+01    0    0    0    0 NULL NULL
       0     752     0 -5.257e-03 -6.229e-02  1.500e+01     0     0    -1   7.63316054065373700288077e-02  3.488e-01  7.071e-01 -4.669e+00 -6.261e+01    0    1    0    0 NULL NULL
       0     821     0 -7.885e-04  3.008e-02  1.505e+01     0     0    -1   8.37087548335958830936221e-02  2.847e-01  6.731e+00 -2.554e+00 -2.620e+01    0    1    0    0 NULL NULL
       0    1010     0  5.113e-02  2.845e-02  1.496e+01     0     0    -1   1.01884467416086726965219e-01  4.379e-01 -1.083e+00 -9.143e+00 -3.171e+01    0    1    0    0 NULL NULL
       0    1021     0 -2.609e-02 -4.502e-02  1.503e+01     0     0    -1   1.02808473273073214260265e-01  6.691e-01 -2.924e+00  3.779e-02 -5.299e+01    0    1    0    1 NULL NULL
       0    1315     0 -1.801e-03 -7.955e-02  1.500e+01     0     0    -1   1.32047558411594351257534e-01  1.452e-01  1.296e+00 -5.235e+00 -2.837e+01    0    1    0    0 NULL NULL
       0    1332     0  4.716e-02  1.905e-03  1.509e+01     0     0    -1   1.33979788223360540833085e-01  6.692e-01  4.222e+00  4.813e+00 -6.339e+01    0    2    0    0 NULL NULL
       0    1655     0 -1.043e-02  8.287e-02  1.500e+01     0     0    -1   1.67029786721596240628429e-01  5.286e-02 -4.805e+00  8.653e+00 -2.851e+01    0    1    0    0 NULL NULL
       0    1760     0  3.415e-02 -1.440e-02  1.505e+01     0     0    -1   1.77165013903952978102652e-01  2.077e-01  7.676e+00 -5.502e+00 -3.123e+01    0    1    0    0 NULL NULL
       0    2131     0  5.408e-02 -2.527e-02  1.510e+01     0     0    -1   2.13476665806851872986272e-01  1.301e-02  7.410e+00 -5.547e+00 -4.868e+01    0    1    0    0 NULL NULL
       0    2481     0  4.362e-02 -7.182e-02  1.494e+01     0     0    -1   2.51000962239733171887934e-01  6.598e-02  2.408e+00  7.281e+00 -2.601e+01    0    1    0    0 NULL NULL
       0    2660     0 -6.767e-02 -3.683e-02  1.500e+01     0     0    -1   2.68564632528047131376780e-01  4.539e-01 -4.298e+00  2.740e+00 -4.084e+01    0    2    0    0 NULL NULL
       0    2663     0 -4.961e-02  4.242e-02  1.509e+01     0     0    -1   2.68879883467894098547646e-01  3.594e-01 -2.118e+00  9.149e+00 -2.891e+01    0    2    0    0 NULL NULL
       0    2790     0  9.043e-02  1.450e-02  1.492e+01     0     0    -1   2.78785867751860760854754e-01  1.995e-01 -6.234e+00 -6.200e-01 -4.245e+01    0    2    0    0 NULL NULL
       0    2801     0  3.804e-02  8.399e-02  1.507e+01     0     0    -1   2.79743906731362734774393e-01  6.727e-01  2.581e-01  5.193e+00 -6.273e+01    0    2    0    0 NULL NULL
       0    2808     0 -5.193e-03  8.690e-02  1.504e+01     0     0    -1   2.80373759918301324045586e-01  4.329e-01  4.211e+00  1.503e+00 -2.782e+01    0    1    0    0 NULL NULL
       0    2824     0  2.093e-02 -8.669e-02  1.493e+01     0     0    -1   2.82350869818501604147087e-01  6.666e-01 -5.438e+00 -6.527e+00 -3.096e+01    0    1    0    0 NULL NULL
       0    2863     0 -3.478e-02  6.710e-03  1.505e+01     0     0    -1   2.85918406910196265524604e-01  6.467e-01  3.518e-01 -4.095e+00 -2.869e+01    0    0    0    0 NULL NULL
       0    2875     0  5.240e-02  3.700e-02  1.494e+01     0     0    -1   2.86476861085573575316232e-01  2.368e-01  3.084e+00  6.292e+00 -2.872e+01    0    1    0    0 NULL NULL
       0    2967     0 -2.235e-02  3.796e-02  1.491e+01     0     0    -1   2.95914069888499164928675e-01  4.351e-02  5.321e-01  9.022e+00 -5.141e+01    0    1    0    0 NULL NULL
       0    3029     0  1.189e-02 -3.593e-02  1.510e+01     0     0    -1   3.01138916254343746992106e-01  6.967e-01  7.213e+00 -6.504e+00 -6.637e+01    0    0    0    0 NULL NULL
       0    3763     0 -7.360e-03  2.788e-03  1.492e+01     0     0    -1   3.73478323261081768258407e-01  4.071e-01  3.941e+00  1.257e+00 -2.730e+01    0    1    0    0 NULL NULL
       0    4135     0 -3.390e-02  8.131e-02  1.503e+01     0     0    -1   4.12335054555670932341371e-01  6.781e-01  3.882e+00 -3.810e+00 -3.399e+01    0    1    0    0 NULL NULL
       0    4284     0 -4.874e-02  8.064e-02  1.499e+01     0     0    -1   4.26137891390136025471236e-01  6.654e-01  9.787e+00  1.715e+00 -2.796e+01    0    0    0    0 NULL NULL
       0    4285     0 -2.695e-03  7.804e-02  1.503e+01     0     0    -1   4.26159988416416946055421e-01  3.965e-01 -1.490e+00  5.853e-01 -5.548e+01    0    2    0    0 NULL NULL
       0    4365     0 -5.675e-02 -1.056e-02  1.500e+01     0     0    -1   4.34297138662242787621182e-01  3.405e-01 -7.280e+00  1.410e+00 -4.380e+01    0    1    0    0 NULL NULL
       0    5134     0 -5.140e-02  6.064e-02  1.503e+01     0     0    -1   5.09260573707013497468665e-01  6.825e-02  7.445e+00 -6.480e+00 -7.061e+01    0    1    0    0 NULL NULL
       0    5422     0 -7.740e-02  1.809e-02  1.497e+01     0     0    -1   5.38031534887701057279230e-01  3.207e-01 -1.684e+00 -3.753e+00 -3.765e+01    0    3    0    0 NULL NULL
       0    5652     0  3.524e-02  3.817e-02  1.498e+01     0     0    -1   5.62481533849393589008514e-01  4.654e-01 -5.355e-01 -7.428e+00 -5.817e+01    0    1    0    0 NULL NULL
       0    5849     0  7.675e-03 -1.673e-02  1.491e+01     0     0    -1   5.81493476299216993652408e-01  6.693e-01  2.826e+00 -3.065e+00 -5.113e+01    0    0    0    1 NULL NULL
       0    6083     0 -7.965e-02  4.589e-03  1.503e+01     0     0    -1   6.04575399885415865064431e-01  2.794e-01 -6.878e+00  5.071e+00 -4.191e+01    0    2    0    0 NULL NULL
       0    6317     0 -2.019e-02  4.340e-02  1.501e+01     0     0    -1   6.27637133014270154340863e-01  3.138e-01  3.958e+00  8.533e+00 -6.692e+01    0    1    0    0 NULL NULL
       0    6426     0  2.691e-02 -8.274e-02  1.504e+01     0     0    -1   6.39206248478794591960650e-01  2.932e-01 -8.897e-02  2.678e+00 -3.022e+01    0    1    0    0 NULL NULL
       0    6589     0 -7.732e-02  5.813e-02  1.494e+01     0     0    -1   6.56446213684372947838597e-01  6.260e-01 -6.096e-02  1.769e-01 -4.299e+01    0    0    0    0 NULL NULL
       0    7104     0 -7.693e-02 -3.605e-03  1.505e+01     0     0    -1   7.06385885028584459277567e-01  6.880e-01 -5.193e+00 -3.110e+00 -2.966e+01    0    0    0    0 NULL NULL
       0    7399     0 -4.631e-02 -1.055e-02  1.495e+01     0     0    -1   7.32746737812775772447083e-01  8.018e-02 -9.993e-01  5.481e+00 -6.196e+01    0    2    0    0 NULL NULL
       0    7610     0 -7.402e-03  3.901e-02  1.501e+01     0     0    -1   7.54650521945638197429673e-01  1.566e-01  8.007e+00 -1.506e+00 -5.761e+01    0    2    0    0 NULL NULL
       0    7632     0 -3.470e-02 -6.682e-03  1.507e+01     0     0    -1   7.57599573905464840350987e-01  9.419e-02 -9.486e+00  2.851e+00 -3.241e+01    0    1    0    0 NULL NULL
       0    7780     0  9.104e-02  1.468e-02  1.491e+01     0     0    -1   7.74129923081777193694109e-01  5.659e-01  6.157e-02 -7.966e+00 -2.731e+01    0    1    0    0 NULL NULL
       0    7953     0  1.889e-02 -2.023e-04  1.495e+01     0     0    -1   7.90436440319667643628065e-01  1.473e-01  8.682e+00  2.363e+00 -2.976e+01    0    1    0    0 NULL NULL
       0    8100     0 -3.223e-03  8.055e-02  1.504e+01     0     0    -1   8.06363070928748482124604e-01  1.518e-01  9.619e-01  3.932e+00 -3.940e+01    0    1    0    0 NULL NULL
       0    8117     0  8.552e-02 -9.292e-03  1.490e+01     0     0    -1   8.07708897303898720743121e-01  2.678e-01 -5.140e+00  6.994e+00 -4.756e+01    0    1    0    0 NULL NULL
       0    8211     0  2.811e-03 -8.521e-03  1.494e+01     0     0    -1   8.16399088887577617512648e-01  2.286e-01  6.892e+00  3.522e-01 -4.166e+01    0    1    0    0 NULL NULL
       0    8571     0 -1.963e-02 -1.711e-02  1.509e+01     0     0    -1   8.49233975417127973095432e-01  6.408e-01 -4.489e+00  5.414e+00 -2.662e+01    0    1    0    0 NULL NULL
       0    8584     0  8.667e-02  2.552e-02  1.491e+01     0     0    -1   8.50461124997590300900185e-01  7.132e-02 -3.397e+00 -7.857e+00 -6.623e+01    0    1    0    0 NULL NULL
       0    8713     0  2.828e-02  3.300e-02  1.498e+01     0     0    -1   8.64089910817794404351844e-01  2.049e-01 -5.739e+00 -5.844e-01 -3.123e+01    0    1    0    0 NULL NULL
       0    8750     0 -6.177e-02  7.435e-02  1.501e+01     0     0    -1   8.67708131782144898025422e-01  6.621e-02  5.209e+00  5.492e-01 -4.511e+01    0    1    0    0 NULL NULL
       0    8829     0 -9.011e-02 -3.168e-02  1.492e+01     0     0    -1   8.74553588201092968468231e-01  3.400e-01 -4.043e+00 -1.749e-01 -3.742e+01    0    1    0    0 NULL NULL
       0    9067     0 -7.926e-03  9.260e-02  1.496e+01     0     0    -1   8.99329019895453884991809e-01  6.396e-01 -8.277e-01 -5.988e+00 -5.084e+01    0    2    0    0 NULL NULL
       0    9364     0 -4.573e-02  8.081e-02  1.500e+01     0     0    -1   9.28088591431887044436166e-01  1.375e-01  6.994e-01 -5.533e+00 -2.809e+01    0    1    0    0 NULL NULL
       0    9386     0 -5.653e-02  7.641e-02  1.491e+01     0     0    -1   9.29887147475682240838069e-01  3.499e-01  6.854e+00 -2.353e+00 -3.624e+01    0    1    0    0 NULL NULL
       0    9585     0 -8.281e-02  5.392e-02  1.510e+01     0     0    -1   9.49064459455278841559789e-01  6.435e-01 -3.614e-01  7.690e+00 -4.947e+01    0    0    0    0 NULL NULL
       0    9622     0  6.786e-03  1.781e-02  1.500e+01     0     0    -1   9.52889266500139942017711e-01  2.703e-01  1.356e+00 -3.214e+00 -2.880e+01    0    1    0    0 NULL NULL
       0    9770     0  3.579e-02  5.314e-02  1.495e+01     0     0    -1   9.66464359416558616011628e-01  4.224e-01 -1.132e+00 -3.168e-02 -3.324e+01    0    1    0    0 NULL NULL
       0    9778     0 -7.935e-02  2.172e-02  1.505e+01     0     0    -1   9.67669774759613687820092e-01  2.351e-02 -4.735e+00  8.342e+00 -2.904e+01    0    1    0    0 NULL NULL
       0    9827     0 -9.261e-02 -3.560e-02  1.491e+01     0     0    -1   9.72350115644070478460037e-01  6.766e-01 -3.606e+00  1.912e+00 -2.880e+01    0    1    0    0 NULL NULL
       0   10139     0  6.986e-02 -4.253e-02  1.509e+01     0     0    -1   1.00383918271517202924770e+00  8.288e-02  2.477e+00  8.623e+00 -6.958e+01    0    1    0    0 NULL NULL
       0   10401     0  1.590e-02  5.698e-03  1.498e+01     0     0    -1   1.02835869361492715512441e+00  6.587e-01 -4.065e+00  4.590e+00 -4.678e+01    0    1    0    0 NULL NULL
       0   10429     0  2.490e-02  8.341e-02  1.492e+01     0     0    -1   1.03080105968250101966532e+00  6.683e-01  3.825e+00  1.641e+00 -3.099e+01    0    1    0    0 NULL NULL
       0   10856     0 -8.883e-03 -6.018e-02  1.510e+01     0     0    -1   1.07438752093725398140123e+00  2.938e-01 -1.226e+00  4.039e+00 -4.297e+01    0    1    0    0 NULL NULL
       0   10987     0  7.608e-02  2.671e-02  1.499e+01     0     0    -1   1.08669013326926644502635e+00  3.818e-01 -7.284e+00  2.744e+00 -5.755e+01    0    2    0    0 NULL NULL
       0   11068     0 -3.971e-02  6.826e-04  1.491e+01     0     0    -1   1.09373120423770209264092e+00  2.171e-01 -5.457e+00  3.187e+00 -3.650e+01    0    1    0    0 NULL NULL
       0   11230     0 -8.436e-02 -4.937e-02  1.508e+01     0     0    -1   1.11035645475151767413990e+00  2.036e-01 -5.167e+00 -7.117e+00 -5.939e+01    0    2    0    1 NULL NULL
       0   11297     0  9.440e-02 -9.918e-03  1.506e+01     0     0    -1   1.11697719472964651643565e+00  8.201e-02  1.410e+00 -5.485e+00 -2.679e+01    0    1    0    0 NULL NULL
       0   11687     0  5.098e-02 -4.014e-02  1.509e+01     0     0    -1   1.15502929557815670058574e+00  6.316e-01  8.390e+00  3.356e+00 -3.295e+01    0    2    0    0 NULL NULL
       0   12242     0 -3.453e-02 -3.468e-02  1.503e+01     0     0    -1   1.21149541135714677864144e+00  3.559e-01  3.646e+00  6.323e+00 -4.204e+01    0    1    0    0 NULL NULL
       0   12385     0 -7.820e-02  1.381e-02  1.506e+01     0     0    -1   1.22740877112221991040997e+00  2.247e-01 -5.256e+00 -5.802e-01 -3.564e+01    0    1    0    0 NULL NULL
       0   12477     0  3.861e-02 -5.071e-02  1.499e+01     0     0    -1   1.23821133271615857474046e+00  1.605e-01 -5.684e+00 -3.504e+00 -2.939e+01    0    1    0    0 NULL NULL
       0   12678     0  5.796e-02 -4.216e-02  1.505e+01     0     0    -1   1.25636149341847036531306e+00  1.475e-01 -9.772e+00  1.238e+00 -5.696e+01    0    1    0    0 NULL NULL
       0   12823     0 -3.593e-04  9.614e-02  1.508e+01     0     0    -1   1.26988047036198525852058e+00  3.490e-01  4.231e+00  2.001e+00 -3.691e+01    0    2    0    0 NULL NULL
       0   12831     0 -5.733e-02 -4.714e-02  1.492e+01     0     0    -1   1.27076685825409319008372e+00  1.767e-01  4.660e+00  7.941e+00 -2.612e+01    0    1    0    0 NULL NULL
       0   12939     0  5.193e-02 -4.320e-02  1.507e+01     0     0    -1   1.28390021702294365724129e+00  2.112e-01 -4.106e+00 -6.592e+00 -5.876e+01    0    1    0    0 NULL NULL
       0   13261     0  8.869e-02 -4.059e-02  1.506e+01     0     0    -1   1.31584506823421798493712e+00  5.069e-01  5.221e+00 -2.373e+00 -3.658e+01    0    2    0    0 NULL NULL
       0   13373     0 -5.140e-02  3.643e-02  1.495e+01     0     0    -1   1.32649540682259803325849e+00  6.528e-01  3.203e+00 -6.213e+00 -3.043e+01    0    1    0    0 NULL NULL
       0   13828     0 -5.037e-02 -2.068e-03  1.494e+01     0     0    -1   1.37044124636171749109792e+00  4.435e-01 -1.330e+00 -1.822e+00 -7.001e+01    0    1    0    0 NULL NULL
       0   14234     0 -4.354e-02 -8.979e-02  1.500e+01     0     0    -1   1.40955890552554374828276e+00  6.681e-01 -3.596e+00  8.801e-01 -3.534e+01    0    0    0    0 NULL NULL
       0   14353     0 -6.546e-02 -3.769e-02  1.502e+01     0     0    -1   1.42080204966889045437028e+00  2.023e-01 -3.782e+00 -7.269e-01 -3.000e+01    0    1    0    0 NULL NULL
       0   14661     0  5.702e-02  2.167e-02  1.500e+01     0     0    -1   1.45562393675019396965808e+00  2.035e-01 -7.002e+00 -1.455e+00 -3.887e+01    0    2    0    1 NULL NULL
       0   14686     0  5.902e-02  2.730e-02  1.505e+01     0     0    -1   1.45863290684208157799162e+00  9.494e-02  8.673e+00  4.978e+00 -3.852e+01    0    1    0    0 NULL NULL
       0   14813     0 -7.163e-02 -5.765e-02  1.498e+01     0     0    -1   1.47076641345650771519615e+00  3.899e-01 -2.554e-01  4.914e+00 -5.348e+01    0    2    0    0 NULL NULL
       0   15825     0 -1.228e-02 -1.687e-02  1.498e+01     0     0    -1   1.56751822350465297439825e+00  6.893e-01  4.112e-01 -6.029e+00 -6.649e+01    0    1    0    0 NULL NULL
       0   16025     0 -2.206e-02 -2.563e-03  1.504e+01     0     0    -1   1.58696230427959639186497e+00  4.899e-01 -5.365e+00  6.093e+00 -4.274e+01    0    3    0    0 NULL NULL
       0   16057     0 -2.939e-02  6.654e-03  1.508e+01     0     0    -1   1.58972945004831345272578e+00  4.367e-02  7.079e+00  3.483e+00 -6.028e+01    0    2    0    1 NULL NULL
       0   16101     0 -3.717e-02 -6.968e-02  1.508e+01     0     0    -1   1.59383146208513859498623e+00  2.496e-01  3.400e+00 -5.736e+00 -3.049e+01    0    2    0    0 NULL NULL
       0   16260     0  9.217e-02 -8.320e-04  1.495e+01     0     0    -1   1.61066987812748663166929e+00  4.504e-01  7.810e+00  4.039e+00 -2.658e+01    0    1    0    0 NULL NULL
       0   16285     0  3.242e-02 -4.540e-02  1.503e+01     0     0    -1   1.61259765285929868028347e+00  6.428e-02 -8.147e+00 -4.374e+00 -4.266e+01    0    1    0    0 NULL NULL
       0   16296     0 -4.392e-02  8.893e-02  1.492e+01     0     0    -1   1.61433356516871229224819e+00  4.865e-01 -3.768e+00 -2.908e+00 -4.912e+01    0    2    0    0 NULL NULL
       0   16312     0 -3.804e-02 -2.927e-02  1.494e+01     0     0    -1   1.61627153854026062163030e+00  7.005e-01 -2.580e-01  4.995e+00 -6.069e+01    0    1    0    0 NULL NULL
       0   16372     0 -6.670e-02  4.605e-02  1.506e+01     0     0    -1   1.62220791553149568109404e+00  3.933e-01 -3.959e-01 -5.473e-01 -6.767e+01    0    1    0    0 NULL NULL
       0   16496     0  2.969e-02  5.503e-02  1.509e+01     0     0    -1   1.63443471067466861157413e+00  2.278e-01 -3.104e+00  1.366e+00 -3.661e+01    0    1    0    0 NULL NULL
       0   17001     0 -1.399e-02  9.095e-02  1.506e+01     0     0    -1   1.68677194025215682060548e+00  2.961e-01  9.302e-01  4.218e+00 -7.470e+01    0    1    0    0 NULL NULL
       0   17233     0  6.074e-02  7.488e-02  1.493e+01     0     0    -1   1.70847358171110985658459e+00  2.010e-01  4.693e+00  7.378e+00 -3.907e+01    0    3    0    0 NULL NULL
       0   17335     0  3.199e-02 -1.649e-02  1.490e+01     0     0    -1   1.71844544295691314950147e+00  6.702e-01  1.935e+00 -4.521e+00 -5.404e+01    0    1    0    0 NULL NULL
       0   17484     0 -3.726e-02  9.012e-02  1.510e+01     0     0    -1   1.73358016201417286517028e+00  1.496e-01 -2.768e+00  6.572e+00 -2.867e+01    0    1    0    0 NULL NULL
       0   17586     0 -1.265e-02  8.232e-02  1.502e+01     0     0    -1   1.74448987776343344968666e+00  4.212e-01  6.463e+00  2.139e+00 -2.808e+01    0    3    0    0 NULL NULL
       0   17587     0 -6.594e-02 -6.454e-02  1.507e+01     0     0    -1   1.74452573970133761882551e+00  1.336e-01 -4.834e+00  6.320e+00 -2.965e+01    0    1    0    0 NULL NULL
       0   17890     0 -3.652e-02  2.666e-02  1.505e+01     0     0    -1   1.77201999959074218971011e+00  6.654e-01 -6.892e+00  1.652e+00 -4.949e+01    0    0    0    0 NULL NULL
       0   18623     0 -1.032e-02 -5.604e-02  1.500e+01     0     0    -1   1.84236758187768834282849e+00  1.299e-01  3.956e+00  8.413e+00 -4.521e+01    0    1    0    0 NULL NULL
       0   18631     0 -6.658e-02 -1.489e-02  1.502e+01     0     0    -1   1.84325044812663429993904e+00  1.885e-01  4.428e+00 -3.591e+00 -2.960e+01    0    1    0    0 NULL NULL
       0   19678     0  7.151e-02  6.986e-02  1.509e+01     0     0    -1   1.94593814644383811263140e+00  4.793e-01 -6.896e+00 -3.764e+00 -2.587e+01    0    1    0    0 NULL NULL
       0   20138     0 -1.813e-02 -6.898e-03  1.495e+01     0     0    -1   1.99148301891674472940963e+00  2.641e-01 -6.559e+00 -8.929e-01 -5.902e+01    0    1    0    0 NULL NULL
       1     277     0  5.198e-02 -4.995e-03  1.492e+01     0     0    -1   2.02994457593234312042796e+00  6.852e-01 -3.286e+00 -6.482e+00 -2.651e+01    0    0    0    0 NULL NULL
       1     537     0  1.996e-02 -8.727e-03  1.490e+01     0     0    -1   2.05670108833025855332721e+00  5.037e-02 -1.232e+00 -1.234e+00 -3.396e+01    0    1    0    0 NULL NULL
       1     898     0 -4.012e-02  5.174e-02  1.503e+01     0     0    -1   2.09418742547172254120369e+00  2.303e-01  7.033e+00 -6.828e+00 -4.391e+01    0    1    0    0 NULL NULL
       1    1058     0 -6.684e-02 -7.167e-03  1.501e+01     0     0    -1   2.10967274280943106745667e+00  3.787e-01  3.774e+00 -2.048e+00 -4.858e+01    0    2    0    0 NULL NULL
       1    1156     0 -5.226e-02 -8.297e-02  1.506e+01     0     0    -1   2.11906920325105652125330e+00  1.792e-01  2.041e+00 -5.149e+00 -4.473e+01    0    3    0    0 NULL NULL
       1    1208     0 -3.826e-03 -8.093e-02  1.503e+01     0     0    -1   2.12386284976124395385000e+00  1.549e-01  4.305e+00 -6.727e+00 -3.164e+01    0    2    0    0 NULL NULL
       1    1451     0 -5.745e-02  7.009e-03  1.505e+01     0     0    -1   2.14629277784379723925667e+00  4.067e-01  1.504e+00 -4.994e+00 -4.421e+01    0    1    0    0 NULL NULL
       1    1862     0 -2.984e-02  2.051e-02  1.496e+01     0     0    -1   2.18816597383387634323526e+00  3.262e-01  2.946e-01  3.411e+00 -7.073e+01    0    1    0    0 NULL NULL
       1    1936     0  7.106e-02 -2.707e-02  1.510e+01     0     0    -1   2.19543556586303623134881e+00  6.638e-01  3.134e-01 -1.917e+00 -2.916e+01    0    3    0    0 NULL NULL
       1    1980     0  1.794e-02  3.989e-02  1.505e+01     0     0    -1   2.20037225689338233891590e+00  4.295e-01  3.020e+00 -4.780e+00 -4.231e+01    0    1    0    0 NULL NULL
       1    2007     0 -2.753e-02 -9.503e-02  1.493e+01     0     0    -1   2.20394672227909005357560e+00  2.819e-02  5.009e+00 -7.645e+00 -6.372e+01    0    1    0    0 NULL NULL
       1    2104     0 -6.123e-02 -3.377e-02  1.494e+01     0     0    -1   2.21409801718612486709503e+00  7.064e-01 -7.304e-01 -1.420e+00 -3.270e+01    0    0    0    0 NULL NULL
       1    2135     0  2.744e-02 -5.652e-02  1.492e+01     0     0    -1   2.21652400634293433867583e+00  4.972e-01  3.841e+00 -5.794e+00 -4.443e+01    0    3    0    0 NULL NULL
       1    2159     0  9.566e-02 -4.159e-03  1.507e+01     0     0    -1   2.21816325319451701503226e+00  1.974e-01 -3.567e+00 -6.713e+00 -3.094e+01    0    1    0    0 NULL NULL
       1    2530     0 -2.215e-02 -4.605e-02  1.504e+01     0     0    -1   2.25278314090603171138127e+00  2.260e-02 -3.105e+00  2.417e+00 -2.859e+01    0    1    0    0 NULL NULL
       1    2782     0  4.898e-02  8.491e-02  1.501e+01     0     0    -1   2.27965242760928044063462e+00  1.121e-01 -2.131e+00  5.566e+00 -3.691e+01    0    1    0    0 NULL NULL
       1    2822     0  1.482e-02 -8.220e-02  1.506e+01     0     0    -1   2.28422041720688540067385e+00  3.417e-02  7.227e+00 -5.369e-01 -4.403e+01    0    1    0    0 NULL NULL
       1    2886     0 -2.830e-02 -3.406e-02  1.501e+01     0     0    -1   2.29241963541565807460643e+00  7.747e-02  2.594e+00 -7.940e+00 -7.071e+01    0    2    0    0 NULL NULL
       1    3067     0 -6.924e-02 -4.059e-02  1.494e+01     0     0    -1   2.31280370172330762557067e+00  3.025e-01  4.786e+00  6.882e+00 -3.311e+01    0    1    0    0 NULL NULL
       1    3104     0 -5.964e-02  5.432e-02  1.508e+01     0     0    -1   2.31722991200897610042375e+00  6.447e-01 -6.920e+00 -1.232e+00 -5.592e+01    0    1    0    0 NULL NULL
       1    3110     0  5.332e-02 -7.855e-02  1.504e+01     0     0    -1   2.31771317986862657178904e+00  6.533e-01 -6.096e+00  3.377e+00 -3.205e+01    0    1    0    0 NULL NULL
       1    3568     0  8.411e-03  5.189e-02  1.509e+01     0     0    -1   2.36191446290207762714886e+00  4.374e-01  5.486e+00  1.052e+00 -6.124e+01    0    1    0    0 NULL NULL
       1    3698     0  4.432e-02 -5.979e-02  1.497e+01     0     0    -1   2.37420333628547419735355e+00  3.267e-01 -5.075e+00 -2.061e+00 -3.923e+01    0    1    0    0 NULL NULL
       1    3815     0 -2.529e-02  9.038e-03  1.509e+01     0     0    -1   2.38565306458549208912245e+00  2.548e-01 -9.520e+00 -2.665e-01 -4.626e+01    0    1    0    1 NULL NULL
       1    3819     0 -9.411e-02  3.077e-03  1.502e+01     0     0    -1   2.38612812957532005597727e+00  6.849e-01  2.973e+00  8.076e+00 -3.844e+01    0    0    0    0 NULL NULL
       1    3941     0 -9.689e-03 -5.788e-02  1.493e+01     0     0    -1   2.39891341677316782821094e+00  6.487e-01 -4.991e+00  3.958e+00 -5.941e+01    0    2    0    0 NULL NULL
       1    3968     0  8.891e-03  9.585e-02  1.501e+01     0     0    -1   2.40138455589286436975271e+00  6.514e-01  4.587e+00 -3.831e+00 -4.407e+01    0    1    0    0 NULL NULL
       1    4018     0  1.836e-02 -4.695e-02  1.495e+01     0     0    -1   2.40644814550282681864246e+00  4.276e-01  4.806e+00 -7.836e-01 -2.898e+01    0    1    0    0 NULL NULL
       1    4020     0 -2.406e-02  8.030e-02  1.508e+01     0     0    -1   2.40651047562740183494157e+00  5.403e-01 -4.361e+00 -3.392e+00 -5.095e+01    0    3    0    0 NULL NULL
       1    4120     0  2.865e-02 -6.817e-02  1.498e+01     0     0    -1   2.41631074072818030629151e+00  2.721e-01  1.937e+00 -3.329e+00 -4.209e+01    0    1    0    0 NULL NULL
       1    4309     0  7.108e-02  4.015e-02  1.501e+01     0     0    -1   2.43420403156741693706522e+00  6.288e-01  7.083e+00 -2.086e+00 -6.636e+01    0    1    0    0 NULL NULL
       1    4339     0 -2.111e-03 -6.293e-02  1.503e+01     0     0    -1   2.43791707386442091376466e+00  6.996e-01 -1.703e+00  9.077e+00 -4.141e+01    0    0    0    0 NULL NULL
       1    4427     0  7.426e-02 -1.083e-02  1.491e+01     0     0    -1   2.44783471499091564993478e+00  3.813e-01 -2.873e+00  8.138e-01 -3.264e+01    0    2    0    0 NULL NULL
       1    4459     0  8.695e-03  8.142e-02  1.510e+01     0     0    -1   2.45065066623969718406784e+00  6.575e-01  1.665e+00 -3.125e-02 -5.825e+01    0    1    0    0 NULL NULL
       1    4600     0  1.809e-02 -1.604e-02  1.504e+01     0     0    -1   2.46719797613848168538198e+00  2.761e-01 -8.945e-01 -3.231e+00 -5.138e+01    0    3    0    0 NULL NULL
       1    4612     0  3.299e-03  3.173e-02  1.499e+01     0     0    -1   2.46907259233084808158765e+00  6.594e-01 -1.998e+00 -4.066e+00 -2.928e+01    0    0    0    0 NULL NULL
       1    4817     0 -3.500e-02  1.616e-02  1.501e+01     0     0    -1   2.48884034140847054672463e+00  2.688e-02 -8.114e+00  5.228e-02 -6.062e+01    0    1    0    0 NULL NULL
       1    4835     0 -7.457e-03 -9.394e-03  1.493e+01     0     0    -1   2.49126035633665576796147e+00  2.470e-01  2.146e+00  6.151e+00 -2.795e+01    0    1    0    0 NULL NULL
       1    5475     0  2.718e-02  2.022e-02  1.503e+01     0     0    -1   2.55872640847282539766638e+00  4.501e-01  2.703e+00 -4.721e+00 -2.620e+01    0    1    0    0 NULL NULL
       1    5844     0  8.637e-03 -1.027e-02  1.505e+01     0     0    -1   2.59618068999492246362593e+00  6.129e-01 -5.053e+00  1.922e+00 -3.125e+01    0    2    0    0 NULL NULL
       1    5908     0  6.887e-02  3.585e-02  1.508e+01     0     0    -1   2.60278212498991301515616e+00  3.511e-01 -4.999e+00  4.418e+00 -5.062e+01    0    1    0    0 NULL NULL
       1    6078     0 -2.850e-03 -5.674e-02  1.504e+01     0     0    -1   2.61758079476893978920771e+00  4.444e-02  8.296e+00 -5.574e+00 -3.560e+01    0    0    0    0 NULL NULL
       1    6251     0  5.278e-04 -7.596e-03  1.492e+01     0     0    -1   2.63475828156165592375260e+00  6.407e-01 -2.670e+00 -1.105e+00 -4.057e+01    0    2    0    0 NULL NULL
       1    6689     0 -1.186e-02  1.639e-02  1.490e+01     0     0    -1   2.67821071565117341251039e+00  3.172e-02 -7.988e+00  5.921e+00 -2.501e+01    0    0    0    0 NULL NULL
       1    7749     0 -3.925e-02  2.669e-03  1.493e+01     0     0    -1   2.77831086690878326095344e+00  2.177e-01 -5.274e+00 -1.820e+00 -3.173e+01    0    2    0    0 NULL NULL
       1    7759     0 -2.824e-02 -1.514e-02  1.506e+01     0     0    -1   2.77965862019981635455679e+00  2.911e-01 -8.526e+00 -1.808e+00 -2.643e+01    0    1    0    0 NULL NULL
       1    7797     0  7.039e-02  2.643e-02  1.492e+01     0     0    -1   2.78432991599431955975774e+00  4.482e-02 -2.221e+00 -6.444e+00 -2.575e+01    0    1    0    0 NULL NULL
       1    7812     0 -4.749e-03 -5.468e-02  1.495e+01     0     0    -1   2.78564152363203554330084e+00  6.686e-01 -7.402e+00 -4.273e+00 -2.840e+01    0    0    0    0 NULL NULL
       1    7901     0 -8.467e-02 -3.490e-02  1.494e+01     0     0    -1   2.79577788280103511908692e+00  9.244e-02 -1.121e+00 -7.268e+00 -4.454e+01    0    1    0    0 NULL NULL
       1    8333     0 -7.035e-03 -6.693e-02  1.491e+01     0     0    -1   2.83978656117853001106255e+00  3.711e-01  7.404e-01  6.059e+00 -3.732e+01    0    2    0    0 NULL NULL
       1    8526     0 -9.255e-02  1.143e-04  1.498e+01     0     0    -1   2.85952254016176699025209e+00  4.358e-01  2.062e+00  5.225e+00 -4.928e+01    0    1    0    0 NULL NULL
       1    8695     0 -6.698e-02  4.099e-02  1.496e+01     0     0    -1   2.87374191932488409761959e+00  2.954e-03  8.954e+00 -1.698e+00 -5.714e+01    0    1    0    0 NULL NULL
       1    8700     0  6.870e-02 -6.724e-02  1.498e+01     0     0    -1   2.87392835292956050352586e+00  6.875e-01 -8.718e+00 -2.684e-01 -4.098e+01    0    0    0    0 NULL NULL
       1    8727     0  4.466e-02  3.477e-02  1.493e+01     0     0    -1   2.87667228083882786648928e+00  1.030e-01  3.596e+00  3.513e+00 -3.817e+01    0    1    0    0 NULL NULL
       1    8820     0 -5.077e-02 -5.900e-02  1.501e+01     0     0    -1   2.88564590281618960077026e+00  1.954e-01  5.642e+00  6.023e-01 -3.901e+01    0    3    0    0 NULL NULL
       1    8866     0  5.705e-02 -1.533e-02  1.500e+01     0     0    -1   2.89063694627379552670732e+00  3.592e-01  2.315e+00 -3.582e+00 -3.225e+01    0    2    0    0 NULL NULL
       1    9244     0  4.459e-03 -2.763e-02  1.501e+01     0     0    -1   2.92581416430090346381121e+00  5.838e-02  9.365e-01  9.956e+00 -4.633e+01    0    1    0    0 NULL NULL
       1    9259     0 -4.579e-02 -7.952e-02  1.494e+01     0     0    -1   2.92795759074258965526383e+00  6.816e-01 -3.372e+00  2.436e+00 -4.092e+01    0    1    0    0 NULL NULL
       1    9361     0  6.044e-02 -1.992e-02  1.493e+01     0     0    -1   2.93813669941424526754759e+00  6.697e-01  6.877e+00  4.224e+00 -5.776e+01    0    1    0    0 NULL NULL
       1    9426     0 -6.813e-02 -4.370e-02  1.504e+01     0     0    -1   2.94464310385705241301935e+00  6.587e-01  2.975e+00  1.781e+00 -2.871e+01    0    0    0    0 NULL NULL
       1    9492     0  2.738e-02  2.397e-02  1.503e+01     0     0    -1   2.95183790030634574108603e+00  1.765e-01  7.815e+00 -1.138e+00 -3.815e+01    0    1    0    0 NULL NULL
       1    9556     0 -5.707e-02 -7.847e-02  1.491e+01     0     0    -1   2.95819994175349121334762e+00  3.720e-01 -2.435e+00 -9.257e+00 -6.251e+01    0    1    0    0 NULL NULL
       1    9760     0 -4.854e-02  3.430e-02  1.498e+01     0     0    -1   2.97859927559804571473023e+00  4.339e-01 -6.945e-01 -4.216e+00 -2.787e+01    0    2    0    0 NULL NULL
       1    9829     0  4.175e-02  3.713e-02  1.498e+01     0     0    -1   2.98613158102164133467227e+00  1.136e-01 -4.899e+00 -4.483e+00 -6.877e+01    0    1    0    0 NULL NULL
       1   10085     0 -4.568e-02 -3.730e-02  1.494e+01     0     0    -1   3.01281195358957765151331e+00  1.581e-01 -3.412e+00  3.562e-01 -2.688e+01    0    1    0    0 NULL NULL
       1   10180     0  4.756e-02  6.280e-02  1.507e+01     0     0    -1   3.02329663992074681999611e+00  6.428e-01  9.721e-01 -4.569e+00 -6.030e+01    0    1    0    0 NULL NULL
       1   10832     0 -4.465e-02  2.707e-02  1.502e+01     0     0    -1   3.08332784036832396878935e+00  1.317e-01 -1.582e-01  9.878e+00 -3.815e+01    0    1    0    0 NULL NULL
       1   10850     0  1.638e-02 -9.376e-02  1.497e+01     0     0    -1   3.08535668176329247458511e+00  2.234e-01  8.862e+00  3.211e-01 -4.665e+01    0    1    0    0 NULL NULL
       1   11305     0 -4.996e-03 -2.384e-02  1.496e+01     0     0    -1   3.13322374471830933373440e+00  4.813e-01  5.107e+00  8.352e+00 -2.924e+01    0    1    0    0 NULL NULL
       1   11839     0  2.003e-02 -2.483e-02  1.507e+01     0     0    -1   3.18544280831326398484293e+00  6.401e-01  6.700e+00 -2.190e-01 -5.756e+01    0    1    0    0 NULL NULL
       1   12060     0 -5.939e-02 -7.350e-02  1.508e+01     0     0    -1   3.20974724322367066520201e+00  3.281e-01 -1.123e+00 -7.602e+00 -3.110e+01    0    2    0    0 NULL NULL
       1   12325     0 -3.651e-02 -3.493e-02  1.494e+01     0     0    -1   3.23761615954586590149233e+00  2.009e-01 -4.649e+00 -6.157e+00 -5.829e+01    0    1    0    0 NULL NULL
       1   12422     0 -3.624e-02  8.835e-02  1.497e+01     0     0    -1   3.24649066037816158569740e+00  3.339e-01  9.638e-01 -1.862e+00 -5.011e+01    0    2    0    0 NULL NULL
       1   12437     0  6.443e-02  5.587e-03  1.499e+01     0     0    -1   3.24839829058772266989763e+00  7.875e-02  9.422e-02 -9.935e+00 -2.781e+01    0    1    0    0 NULL NULL
       1   12777     0 -5.113e-04  6.020e-02  1.497e+01     0     0    -1   3.28118629559730434763765e+00  4.642e-01 -7.444e+00 -1.110e+00 -6.540e+01    0    1    0    1 NULL NULL
       1   13061     0 -3.101e-02  5.794e-02  1.503e+01     0     0    -1   3.30977287452522128674559e+00  3.904e-01  5.888e+00 -5.550e+00 -3.569e+01    0    1    0    0 NULL NULL
       1   13515     0  1.756e-02  1.418e-02  1.509e+01     0     0    -1   3.35893632112192852545718e+00  3.287e-01 -6.663e+00  5.522e+00 -3.516e+01    0    1    0    0 NULL NULL
       1   14068     0 -3.023e-02 -8.876e-02  1.507e+01     0     0    -1   3.41456831868745736002779e+00  3.854e-01 -2.224e+00  6.394e+00 -3.172e+01    0    1    0    0 NULL NULL
       1   14080     0 -8.652e-02  1.993e-02  1.492e+01     0     0    -1   3.41605373188462513311947e+00  3.500e-01  3.071e+00  4.127e+00 -6.431e+01    0    2    0    0 NULL NULL
       1   14208     0 -6.711e-03 -8.430e-02  1.499e+01     0     0    -1   3.42905905748056705206750e+00  6.443e-01 -2.662e-01 -2.784e+00 -6.675e+01    0    1    0    0 NULL NULL
       1   14416     0 -2.600e-02  3.249e-02  1.499e+01     0     0    -1   3.44675829802771227505787e+00  4.861e-01 -2.625e+00 -3.316e+00 -2.631e+01    0    1    0    0 NULL NULL
       1   14496     0  2.741e-02  6.112e-02  1.506e+01     0     0    -1   3.45549693918146827442683e+00  5.023e-02 -1.230e+00 -9.430e+00 -2.700e+01    0    1    0    0 NULL NULL
       1   14712     0  7.260e-03  7.539e-03  1.510e+01     0     0    -1   3.47827725263175535630467e+00  1.900e-01  4.230e-01 -1.799e+00 -3.065e+01    0    2    0    0 NULL NULL
       1   15122     0  3.669e-02  4.237e-03  1.491e+01     0     0    -1   3.52093362183587110791905e+00  3.600e-02  8.147e+00  5.540e+00 -2.803e+01    0    1    0    0 NULL NULL
       1   15233     0 -7.519e-02  3.548e-02  1.496e+01     0     0    -1   3.53064740123126563631217e+00  6.763e-02 -5.403e+00  6.382e+00 -5.451e+01    0    1    0    0 NULL NULL
       1   15283     0 -1.935e-02 -7.289e-02  1.499e+01     0     0    -1   3.53644953457687005737853e+00  2.347e-02  6.424e+00  2.842e+00 -3.147e+01    0    1    0    0 NULL NULL
       1   15354     0  3.516e-02  3.910e-02  1.502e+01     0     0    -1   3.54435411684853418634589e+00  1.329e-01 -9.867e+00 -4.035e-01 -2.863e+01    0    1    0    0 NULL NULL
       1   15361     0  4.039e-02  8.364e-02  1.494e+01     0     0    -1   3.54568513538011709229636e+00  6.707e-01 -7.874e-02 -7.101e+00 -3.896e+01    0    3    0    0 NULL NULL
       1   15373     0 -4.087e-02  7.297e-02  1.506e+01     0     0    -1   3.54656188385771287130410e+00  3.560e-01 -9.714e+00 -2.487e-01 -3.156e+01    0    1    0    0 NULL NULL
       1   15542     0 -1.198e-02 -2.727e-02  1.507e+01     0     0    -1   3.56567795719472258042515e+00  4.376e-01  8.954e+00 -1.910e+00 -4.487e+01    0    2    0    0 NULL NULL
       1   15801     0 -6.809e-02  3.735e-04  1.507e+01     0     0    -1   3.59108650710756860391371e+00  3.881e-01  1.697e+00 -4.130e+00 -3.324e+01    0    1    0    2 NULL NULL
       1   15880     0  2.613e-02 -7.897e-02  1.491e+01     0     0    -1   3.60050525245416297437373e+00  6.746e-01  1.834e+00 -1.173e+00 -5.160e+01    0    1    0    0 NULL NULL
       1   15913     0  2.393e-02 -9.622e-02  1.506e+01     0     0    -1   3.60300053233586625722751e+00  6.499e-01 -1.321e+00 -6.100e+00 -4.118e+01    0    1    0    0 NULL NULL
       1   15932     0  2.417e-03 -6.477e-02  1.502e+01     0     0    -1   3.60660254836222504692955e+00  3.792e-01  6.120e+00  5.820e+00 -3.061e+01    0    1    0    0 NULL NULL
       1   15978     0 -6.847e-02 -5.505e-02  1.494e+01     0     0    -1   3.61031352177546693837940e+00  6.378e-01  2.028e+00  1.274e+00 -6.464e+01    0    0    0    0 NULL NULL
       1   16128     0 -2.137e-02  4.575e-02  1.497e+01     0     0    -1   3.62532219911182318483611e+00  3.599e-01 -9.507e+00  1.665e-01 -3.319e+01    0    1    0    0 NULL NULL
       1   16203     0 -8.761e-02 -3.759e-02  1.504e+01     0     0    -1   3.63178518484776180486051e+00  3.193e-01 -4.480e+00 -6.348e+00 -4.954e+01    0    1    0    0 NULL NULL
       1   16284     0  8.376e-02  6.290e-03  1.505e+01     0     0    -1   3.63945315266017432875856e+00  3.718e-01 -5.329e+00  2.555e+00 -2.734e+01    0    1    0    0 NULL NULL
       1   16320     0 -3.955e-02  1.577e-02  1.490e+01     0     0    -1   3.64334959507298217218363e+00  1.275e-03  4.429e+00 -4.461e+00 -2.601e+01    0    1    0    0 NULL NULL
       1   16481     0 -1.267e-02  5.568e-02  1.491e+01     0     0    -1   3.65824386623944297625144e+00  7.945e-02  1.383e-01 -2.709e+00 -2.823e+01    0    1    0    0 NULL NULL
       1   16822     0  3.825e-02  3.457e-02  1.505e+01     0     0    -1   3.68973421008109481178394e+00  2.776e-01  5.318e+00  6.306e+00 -5.123e+01    0    1    0    0 NULL NULL
       1   17187     0 -5.842e-02 -7.848e-03  1.492e+01     0     0    -1   3.72715820481807869057889e+00  6.465e-01  1.060e+00  4.067e+00 -5.209e+01    0    0    0    0 NULL NULL
       1   18033     0  8.095e-03 -9.247e-02  1.508e+01     0     0    -1   3.81148305075441973244210e+00  4.195e-01  5.989e+00  1.057e+00 -4.418e+01    0    1    0    0 NULL NULL
       1   18574     0 -7.721e-02 -2.346e-02  1.498e+01     0     0    -1   3.86611242601992932677035e+00  7.740e-02  5.615e+00  6.474e+00 -3.003e+01    0    1    0    0 NULL NULL
       1   18804     0  2.027e-04 -5.192e-02  1.507e+01     0     0    -1   3.88860738747592726838320e+00  1.618e-02  3.261e+00  1.708e+00 -5.396e+01    0    1    0    0 NULL NULL
       1   18882     0  3.380e-02 -5.001e-02  1.504e+01     0     0    -1   3.89643328846642544860401e+00  3.533e-01 -4.671e+00  6.472e+00 -4.249e+01    0    1    0    0 NULL NULL
       1   19128     0  7.236e-02 -4.609e-02  1.500e+01     0     0    -1   3.91964762602278726788541e+00  4.746e-01 -2.521e+00  6.522e+00 -6.575e+01    0    1    0    0 NULL NULL
       1   19166     0 -7.013e-03 -5.196e-02  1.509e+01     0     0    -1   3.92371394565107900476164e+00  3.367e-01  1.818e+00 -8.620e+00 -2.607e+01    0    1    0    0 NULL NULL
       1   19201     0 -2.916e-02 -3.344e-02  1.491e+01     0     0    -1   3.92681523300911416995973e+00  2.116e-01  1.940e+00 -8.439e+00 -5.608e+01    0    1    0    0 NULL NULL
       1   19210     0 -2.413e-02  6.797e-02  1.493e+01     0     0    -1   3.92785292249984019363751e+00  3.729e-01  3.395e+00 -2.397e+00 -2.817e+01    0    1    0    0 NULL NULL
       1   19338     0 -9.010e-02  1.886e-02  1.506e+01     0     0    -1   3.93851772528907462245229e+00  4.638e-01  2.033e+00  6.410e+00 -4.360e+01    0    1    0    0 NULL NULL
       1   19453     0  1.503e-02  1.437e-02  1.500e+01     0     0    -1   3.95059794093389715641251e+00  2.508e-01 -4.018e-01  6.533e-01 -4.977e+01    0    1    0    1 NULL NULL
       1   19821     0  1.424e-02  3.407e-02  1.492e+01     0     0    -1   3.98450485937780607414993e+00  2.923e-01  3.522e+00  1.180e+00 -5.540e+01    0    3    0    0 NULL NULL
       1   19847     0 -3.039e-02  5.369e-02  1.499e+01     0     0    -1   3.98688730908208066594511e+00  1.022e-01  1.909e+00 -1.557e-01 -5.946e+01    0    1    0    0 NULL NULL
       2      49     0 -2.639e-02 -4.304e-02  1.492e+01     0     0    -1   4.00484332434207335182919e+00  4.102e-01 -5.150e+00  4.445e+00 -4.569e+01    0    2    0    1 NULL NULL
       2     226     0  5.823e-02  6.258e-02  1.493e+01     0     0    -1   4.02295185763542395562808e+00  1.710e-01  9.406e+00 -1.684e+00 -4.957e+01    0    1    0    1 NULL NULL
       2     609     0 -6.656e-02 -1.130e-02  1.493e+01     0     0    -1   4.06176161699685422945549e+00  3.263e-01 -3.532e+00  2.806e+00 -4.609e+01    0    1    0    0 NULL NULL
       2     895     0 -4.750e-02 -1.436e-02  1.503e+01     0     0    -1   4.08742872356739717076834e+00  1.758e-01 -7.979e+00  2.566e+00 -3.360e+01    0    1    0    0 NULL NULL
       2     922     0  3.421e-02  4.166e-02  1.508e+01     0     0    -1   4.09080871860679451401666e+00  1.483e-01 -3.876e+00  6.858e+00 -4.975e+01    0    1    0    0 NULL NULL
       2    1230     0  6.795e-02 -5.555e-02  1.496e+01     0     0    -1   4.12216708758970362680429e+00  6.694e-01 -5.267e+00  1.318e+00 -3.050e+01    0    1    0    0 NULL NULL
       2    1607     0 -9.470e-02 -1.900e-02  1.495e+01     0     0    -1   4.15895104551938210590833e+00  4.317e-01  7.587e+00  3.558e+00 -6.643e+01    0    1    0    0 NULL NULL
       2    1617     0  2.110e-02  7.419e-02  1.497e+01     0     0    -1   4.15942526633339415553792e+00  6.729e-01 -8.042e-01  1.276e+00 -6.353e+01    0    4    0    0 NULL NULL
       2    1763     0  8.962e-02 -2.528e-02  1.495e+01     0     0    -1   4.17397338038823217942763e+00  2.694e-01  6.699e+00 -3.875e+00 -3.550e+01    0    1    0    0 NULL NULL
       2    2001     0 -1.396e-02 -1.921e-02  1.503e+01     0     0    -1   4.19903963543476876907334e+00  4.508e-01  2.365e-01  4.439e+00 -3.372e+01    0    1    0    0 NULL NULL
       2    2391     0  4.427e-04  7.631e-02  1.508e+01     0     0    -1   4.23930465637082143359748e+00  2.108e-01 -1.157e-01  8.932e-01 -3.419e+01    0    1    0    0 NULL NULL
       2    2392     0 -4.013e-02 -4.820e-02  1.490e+01     0     0    -1   4.23937835440364541028657e+00  6.515e-01 -4.906e+00  6.500e+00 -3.115e+01    0    1    0    0 NULL NULL
       2    2502     0 -4.259e-03  2.757e-02  1.498e+01     0     0    -1   4.25020835267793728462493e+00  4.037e-01  6.436e+00  5.791e+00 -3.613e+01    0    1    0    0 NULL NULL
       2    2588     0 -5.669e-02 -8.269e-04  1.504e+01     0     0    -1   4.25882996872184360626079e+00  3.582e-01  2.462e+00 -8.846e+00 -6.484e+01    0    1    0    1 NULL NULL
       2    2638     0 -2.473e-02  7.137e-03  1.496e+01     0     0    -1   4.26350943059702647275344e+00  2.221e-01 -1.001e+00 -3.331e+00 -3.774e+01    0    1    0    0 NULL NULL
       2    2845     0 -4.533e-02 -1.221e-02  1.497e+01     0     0    -1   4.28001555351348805800171e+00  4.733e-01 -8.274e+00  4.789e+00 -3.438e+01    0    2    0    0 NULL NULL
       2    3617     0 -7.622e-02 -1.319e-02  1.498e+01     0     0    -1   4.36026090517132125512489e+00  4.871e-01  4.395e+00 -6.012e+00 -4.885e+01    0    1    0    0 NULL NULL
       2    3866     0  5.816e-02  9.455e-03  1.505e+01     0     0    -1   4.38608221732867864517402e+00  6.553e-01  2.587e+00 -9.009e+00 -3.140e+01    0    0    0    0 NULL NULL
       2    4010     0 -2.708e-02  4.241e-02  1.492e+01     0     0    -1   4.40175410790057597409941e+00  9.924e-04 -1.485e+00  6.052e+00 -4.293e+01    0    1    0    0 NULL NULL
       2    4091     0 -7.560e-02 -5.728e-02  1.504e+01     0     0    -1   4.40967687933077012729655e+00  4.715e-01 -9.017e-01  9.002e+00 -2.754e+01    0    1    0    0 NULL NULL
       2    4266     0 -1.610e-02 -4.234e-02  1.509e+01     0     0    -1   4.42632085119192453248615e+00  2.533e-01  6.102e+00  2.269e+00 -5.467e+01    0    1    0    0 NULL NULL
       2    4667     0  5.212e-02 -5.789e-02  1.500e+01     0     0    -1   4.46758614724709968157867e+00  6.733e-01  3.122e+00  8.297e+00 -4.209e+01    0    0    0    0 NULL NULL
       2    4834     0 -5.130e-02 -4.790e-03  1.502e+01     0     0    -1   4.48384393874549846970012e+00  4.567e-01  1.467e+00 -8.900e+00 -2.757e+01    0    1    0    0 NULL NULL
       2    4916     0  3.722e-02  7.183e-02  1.506e+01     0     0    -1   4.49256625949328114444370e+00  4.983e-03  7.352e+00 -1.048e-01 -5.548e+01    0    1    0    0 NULL NULL
       2    5040     0 -3.451e-02  4.415e-02  1.494e+01     0     0    -1   4.50512744344138837959690e+00  6.731e-02  3.642e+00  4.710e+00 -4.430e+01    0    1    0    0 NULL NULL
       2    5211     0 -1.189e-02 -1.123e-04  1.493e+01     0     0    -1   4.52296033602948899243756e+00  4.454e-01 -4.507e+00 -3.212e+00 -6.544e+01    0    1    0    0 NULL NULL
       2    5682     0 -2.375e-02 -9.070e-02  1.495e+01     0     0    -1   4.56751028069649400720209e+00  6.793e-01 -1.348e+00 -3.505e+00 -3.366e+01    0    2    0    0 NULL NULL
       2    5750     0 -3.531e-02 -8.472e-02  1.496e+01     0     0    -1   4.57499680527387386774762e+00  4.269e-01 -4.573e+00 -8.061e+00 -2.906e+01    0    1    0    0 NULL NULL
       2    5966     0 -2.976e-03 -7.786e-02  1.492e+01     0     0    -1   4.59707410562741980442070e+00  6.630e-01  2.722e+00  3.747e+00 -6.417e+01    0    2    0    1 NULL NULL
       2    5985     0  4.641e-02 -1.742e-02  1.508e+01     0     0    -1   4.59913544516159600306082e+00  6.437e-01 -1.926e+00  8.649e+00 -3.747e+01    0    1    0    0 NULL NULL
       2    6066     0 -4.601e-02 -5.108e-02  1.498e+01     0     0    -1   4.60716898438704625107221e+00  6.602e-01 -3.286e+00  2.673e-01 -6.579e+01    0    2    0    0 NULL NULL
       2    6424     0  5.903e-02 -1.698e-02  1.494e+01     0     0    -1   4.64106501592117570709206e+00  4.180e-01 -1.409e+00 -7.613e+00 -2.593e+01    0    1    0    0 NULL NULL
       2    6434     0 -9.143e-02 -4.669e-03  1.491e+01     0     0    -1   4.64233774977866175959207e+00  3.704e-01  4.970e+00 -5.528e+00 -4.155e+01    0    3    0    0 NULL NULL
       2    6671     0  5.596e-02 -7.468e-02  1.493e+01     0     0    -1   4.66515323310083829255746e+00  4.147e-01  6.796e+00  1.628e+00 -6.726e+01    0    2    0    0 NULL NULL
       2    6694     0 -5.464e-02  3.787e-02  1.491e+01     0     0    -1   4.66751876806132059982701e+00  4.643e-01  5.436e+00 -5.847e+00 -2.875e+01    0    1    0    0 NULL NULL
       2    6752     0  1.088e-02  4.150e-02  1.500e+01     0     0    -1   4.67273452530917410285838e+00  6.420e-01 -3.394e+00 -4.475e+00 -3.844e+01    0    2    0    0 NULL NULL
       2    6964     0  7.027e-02 -5.642e-03  1.490e+01     0     0    -1   4.69101423495074598690735e+00  3.246e-01  5.450e+00 -7.292e+00 -2.785e+01    0    1    0    0 NULL NULL
       2    7287     0 -7.713e-02  1.319e-02  1.504e+01     0     0    -1   4.72363849041221151026093e+00  6.233e-01 -1.897e+00 -8.036e+00 -2.958e+01    0    0    0    0 NULL NULL
       2    7453     0  5.600e-02 -2.564e-02  1.495e+01     0     0    -1   4.74241574610586447136029e+00  2.234e-01 -5.429e+00  3.180e+00 -5.505e+01    0    2    0    0 NULL NULL
       2    7613     0 -2.704e-02  2.400e-02  1.503e+01     0     0    -1   4.76019868710059324001804e+00  1.887e-01 -9.044e+00  2.130e+00 -3.435e+01    0    1    0    0 NULL NULL
       2    8044     0 -2.499e-02  2.760e-03  1.508e+01     0     0    -1   4.80434144203053214994270e+00  6.190e-01  1.881e+00 -5.270e+00 -6.380e+01    0    3    0    0 NULL NULL
       2    8068     0  3.225e-02 -5.557e-02  1.508e+01     0     0    -1   4.80625411153027215505062e+00  1.646e-02  6.948e-01 -9.453e+00 -6.532e+01    0    2    0    0 NULL NULL
       2    8512     0 -1.673e-02  5.032e-04  1.500e+01     0     0    -1   4.84716835974771687034490e+00  4.223e-01 -3.522e+00 -1.451e+00 -4.430e+01    0    3    0    0 NULL NULL
       2    8605     0 -4.279e-02 -5.497e-02  1.501e+01     0     0    -1   4.85644372570727167470750e+00  7.730e-02  4.145e+00 -3.349e-01 -4.768e+01    0    2    0    0 NULL NULL
       2    8899     0  8.610e-03 -8.356e-02  1.499e+01     0     0    -1   4.88557883185268337911111e+00  1.328e-01 -7.679e+00 -2.093e+00 -6.894e+01    0    1    0    0 NULL NULL
       2    8916     0 -2.711e-03 -5.602e-02  1.508e+01     0     0    -1   4.88686851953894585420812e+00  3.950e-01  5.542e+00  6.569e+00 -2.947e+01    0    1    0    0 NULL NULL
       2    9042     0 -6.343e-02 -3.685e-02  1.493e+01     0     0    -1   4.89881686558381090890180e+00  6.425e-01  3.415e+00  3.897e+00 -3.886e+01    0    2    0    0 NULL NULL
       2    9305     0  1.989e-02 -7.736e-02  1.504e+01     0     0    -1   4.92588560803941799548511e+00  4.030e-01  5.845e+00  1.343e+00 -4.226e+01    0    2    0    0 NULL NULL
       2    9503     0 -4.605e-02 -8.516e-02  1.496e+01     0     0    -1   4.94466089497887928416731e+00  3.827e-01  5.246e+00 -4.663e+00 -6.264e+01    0    1    0    1 NULL NULL
       2    9695     0 -1.761e-02 -2.121e-02  1.490e+01     0     0    -1   4.96365621603015316765095e+00  3.976e-01 -2.031e-01  4.644e+00 -4.253e+01    0    2    0    0 NULL NULL
       2    9784     0 -3.164e-02  5.937e-02  1.491e+01     0     0    -1   4.97380396798418900061733e+00  3.845e-01  8.529e+00  6.889e-02 -4.463e+01    0    1    0    0 NULL NULL
       2   10075     0  2.952e-02  7.368e-03  1.500e+01     0     0    -1   5.00374451082179394489913e+00  2.728e-01  3.777e+00  3.948e+00 -4.896e+01    0    2    0    0 NULL NULL
       2   10118     0 -4.000e-02  6.833e-02  1.497e+01     0     0    -1   5.00792704026880386436460e+00  3.440e-01  9.303e+00  1.284e+00 -6.816e+01    0    1    0    0 NULL NULL
       2   10246     0  2.285e-02 -1.865e-02  1.502e+01     0     0    -1   5.02149051191411111005891e+00  2.753e-01  6.145e+00  5.468e+00 -3.166e+01    0    1    0    0 NULL NULL
       2   10250     0  3.470e-02  2.211e-03  1.508e+01     0     0    -1   5.02204670194089608514787e+00  6.949e-01  3.160e+00 -8.334e+00 -2.656e+01    0    0    0    0 NULL NULL
       2   10368     0  9.004e-02 -1.956e-02  1.492e+01     0     0    -1   5.03304777372970413296116e+00  6.398e-01  1.137e+00 -3.147e+00 -4.015e+01    0    0    0    0 NULL NULL
       2   10824     0 -1.993e-02 -6.098e-02  1.505e+01     0     0    -1   5.08043722662863928007937e+00  8.185e-02  3.297e+00 -6.333e+00 -5.832e+01    0    1    0    0 NULL NULL
       2   10846     0 -5.518e-02  2.196e-02  1.492e+01     0     0    -1   5.08291488749442610384222e+00  7.885e-02 -4.931e+00 -1.014e+00 -2.618e+01    0    1    0    0 NULL NULL
       2   11237     0 -3.230e-02 -1.426e-02  1.495e+01     0     0    -1   5.12198440785677000519627e+00  3.165e-01 -3.474e+00 -1.513e+00 -6.578e+01    0    2    0    0 NULL NULL
       2   11299     0 -3.543e-02  2.460e-02  1.495e+01     0     0    -1   5.12857603065303901956895e+00  4.804e-01 -1.391e+00  1.265e+00 -3.159e+01    0    2    0    0 NULL NULL
       2   11821     0  2.008e-02 -6.721e-02  1.501e+01     0     0    -1   5.17982637183827154814253e+00  1.184e-01  3.416e+00  8.783e+00 -3.829e+01    0    1    0    0 NULL NULL
       2   11931     0 -8.101e-02  4.044e-02  1.503e+01     0     0    -1   5.19107873593763802233525e+00  2.495e-01 -8.175e+00  6.059e-01 -5.019e+01    0    1    0    0 NULL NULL
       2   12111     0 -4.100e-02  6.877e-02  1.509e+01     0     0    -1   5.20764870870940033142915e+00  3.682e-01  1.167e-02 -4.372e+00 -6.869e+01    0    1    0    0 NULL NULL
       2   12240     0  3.445e-02  1.251e-02  1.496e+01     0     0    -1   5.22081737928547173765992e+00  1.296e-01 -1.087e+00 -4.169e+00 -3.785e+01    0    1    0    0 NULL NULL
       2   12256     0 -9.147e-02 -1.090e-02  1.504e+01     0     0    -1   5.22220302688852822114995e+00  4.378e-01 -5.634e+00 -5.268e+00 -2.997e+01    0    2    0    0 NULL NULL
       2   12271     0  2.053e-02 -3.464e-02  1.499e+01     0     0    -1   5.22344102933879472772105e+00  1.410e-02 -9.696e+00  2.160e+00 -3.116e+01    0    1    0    0 NULL NULL
       2   12362     0 -1.578e-02  5.978e-02  1.499e+01     0     0    -1   5.23355008396715248863984e+00  4.019e-02 -7.484e-01  7.488e+00 -4.364e+01    0    1    0    0 NULL NULL
       2   12365     0 -4.400e-02  8.555e-03  1.494e+01     0     0    -1   5.23383685211376281642970e+00  2.530e-01  8.980e+00  7.287e-01 -3.356e+01    0    1    0    0 NULL NULL
       2   12440     0  3.198e-02 -5.071e-02  1.491e+01     0     0    -1   5.24116289169271265535599e+00  3.575e-01 -4.220e+00 -2.257e+00 -6.378e+01    0    1    0    0 NULL NULL
       2   12506     0  8.287e-02  2.516e-02  1.503e+01     0     0    -1   5.24626829064710964445339e+00  2.778e-01 -1.940e+00 -1.915e+00 -3.012e+01    0    1    0    0 NULL NULL
       2   12582     0 -4.896e-02 -7.162e-02  1.509e+01     0     0    -1   5.25493971012575400436617e+00  4.531e-01  9.063e+00 -2.795e+00 -6.374e+01    0    1    0    1 NULL NULL
       2   12991     0  1.549e-02 -1.038e-02  1.495e+01     0     0    -1   5.29755825092488397132229e+00  3.916e-01  4.884e+00 -8.259e+00 -2.755e+01    0    1    0    0 NULL NULL
       2   13007     0 -2.950e-02 -6.901e-02  1.499e+01     0     0    -1   5.29911972128230512879554e+00  1.705e-01 -8.993e+00 -2.885e+00 -2.947e+01    0    1    0    0 NULL NULL
       2   13010     0 -1.947e-02 -2.539e-02  1.499e+01     0     0    -1   5.29968077723799790845760e+00  4.736e-01  3.104e+00 -4.010e+00 -2.605e+01    0    1    0    0 NULL NULL
       2   13051     0 -8.505e-02  3.392e-02  1.504e+01     0     0    -1   5.30421199864354520059351e+00  6.561e-01  5.087e+00  5.717e+00 -2.672e+01    0    0    0    0 NULL NULL
       2   13231     0  2.278e-02  7.342e-02  1.503e+01     0     0    -1   5.32214150701339061555473e+00  2.661e-01 -5.327e-01 -1.514e+00 -3.486e+01    0    2    0    1 NULL NULL
       2   13316     0  6.172e-02 -4.714e-03  1.497e+01     0     0    -1   5.33001179074319164641338e+00  2.427e-01 -9.076e+00 -2.349e+00 -3.125e+01    0    1    0    0 NULL NULL
       2   13671     0 -5.600e-02 -2.768e-02  1.505e+01     0     0    -1   5.36644492965465147449322e+00  3.996e-01  8.627e+00 -6.491e-01 -4.490e+01    0    1    0    0 NULL NULL
       2   13975     0 -9.191e-02 -8.886e-03  1.503e+01     0     0    -1   5.39755011710188092877161e+00  3.250e-01 -2.382e-01  5.010e+00 -5.517e+01    0    2    0    0 NULL NULL
       2   14056     0  6.809e-02 -4.125e-02  1.504e+01     0     0    -1   5.40621360823681484930603e+00  1.900e-01  1.268e+00 -1.410e+00 -3.944e+01    0    2    0    0 NULL NULL
       2   14176     0 -7.580e-02  5.012e-02  1.492e+01     0     0    -1   5.41907845468463200688802e+00  2.176e-01  2.991e+00 -8.361e+00 -3.569e+01    0    1    0    0 NULL NULL
       2   14389     0 -2.285e-02  7.586e-02  1.494e+01     0     0    -1   5.44023022610380913022254e+00  3.817e-01  5.679e+00  6.799e+00 -5.208e+01    0    1    0    0 NULL NULL
       2   14424     0  6.277e-02 -1.553e-02  1.493e+01     0     0    -1   5.44276178765659324199078e+00  3.875e-01  3.414e+00 -2.754e+00 -4.519e+01    0    1    0    0 NULL NULL
       2   14610     0  5.326e-02 -2.407e-03  1.507e+01     0     0    -1   5.46199922139977811497147e+00  1.836e-01  8.705e+00  3.581e+00 -6.421e+01    0    1    0    0 NULL NULL
       2   14753     0  4.793e-03 -3.706e-02  1.497e+01     0     0    -1   5.47472629786092213066695e+00  9.086e-02 -8.913e+00 -9.339e-02 -6.530e+01    0    1    0    0 NULL NULL
       2   14829     0  5.827e-02  7.498e-02  1.491e+01     0     0    -1   5.48252608351352321847116e+00  3.845e-02  2.373e+00 -9.224e+00 -3.816e+01    0    1    0    0 NULL NULL
       2   15038     0  7.556e-02 -5.075e-02  1.504e+01     0     0    -1   5.50545919600374666913467e+00  2.358e-01  3.565e+00 -5.636e+00 -3.599e+01    0    1    0    0 NULL NULL
       2   15116     0 -7.760e-02  1.219e-02  1.498e+01     0     0    -1   5.51307154298746038278978e+00  2.348e-01  5.554e+00 -1.817e+00 -4.124e+01    0    2    0    0 NULL NULL
       2   15195     0  5.932e-02 -5.203e-02  1.509e+01     0     0    -1   5.52108495243101238258987e+00  3.177e-01  2.789e+00 -3.128e+00 -2.551e+01    0    1    0    0 NULL NULL
       2   15214     0  5.302e-02  2.133e-02  1.507e+01     0     0    -1   5.52269322109767202277908e+00  6.282e-01 -9.177e-01 -2.155e+00 -2.673e+01    0    1    0    0 NULL NULL
       2   15483     0 -2.213e-02  6.757e-02  1.495e+01     0     0    -1   5.54772887165299444234279e+00  6.703e-01  4.405e+00 -4.670e+00 -4.370e+01    0    2    0    0 NULL NULL
       2   15598     0  4.545e-02  8.189e-02  1.492e+01     0     0    -1   5.55957165852663326433003e+00  6.756e-01  5.514e+00 -1.715e+00 -3.652e+01    0    2    0    0 NULL NULL
       2   15703     0  7.616e-02  3.509e-02  1.492e+01     0     0    -1   5.57115859698041049341555e+00  2.783e-01 -4.858e+00 -3.603e+00 -2.979e+01    0    1    0    0 NULL NULL
       2   15826     0 -8.239e-02  2.062e-02  1.494e+01     0     0    -1   5.58249856018762979914527e+00  1.794e-01  2.211e+00 -4.829e+00 -4.730e+01    0    1    0    0 NULL NULL
       2   15865     0 -2.989e-02  1.569e-02  1.501e+01     0     0    -1   5.58672526173590533460356e+00  1.793e-01  2.978e+00  8.779e+00 -3.154e+01    0    1    0    0 NULL NULL
       2   16065     0 -1.765e-02  8.182e-02  1.491e+01     0     0    -1   5.60690237289073056814459e+00  2.404e-01  1.373e+00 -5.384e+00 -3.982e+01    0    2    0    0 NULL NULL
       2   16307     0  7.111e-02  4.986e-02  1.509e+01     0     0    -1   5.63079253173031446522145e+00  6.572e-01  7.818e+00 -1.599e+00 -5.158e+01    0    1    0    1 NULL NULL
       2   16537     0  6.440e-02 -5.217e-02  1.495e+01     0     0    -1   5.65600356406235427186857e+00  1.860e-01 -8.415e+00 -2.816e+00 -2.607e+01    0    1    0    0 NULL NULL
       2   16558     0  8.722e-02  1.986e-02  1.508e+01     0     0    -1   5.65854420105100874849313e+00  2.437e-01 -3.820e+00  8.829e+00 -7.219e+01    0    1    0    0 NULL NULL
       2   16574     0  3.535e-02 -6.784e-02  1.501e+01     0     0    -1   5.66031899410993677435044e+00  2.184e-01  1.492e+00  2.103e+00 -6.765e+01    0    1    0    0 NULL NULL
       2   16582     0  1.384e-02 -6.829e-02  1.496e+01     0     0    -1   5.66061598914940944382579e+00  6.632e-01 -7.281e-02  1.265e+00 -4.389e+01    0    3    0    0 NULL NULL
       2   16589     0 -5.601e-02  3.021e-03  1.502e+01     0     0    -1   5.66091174380835138180146e+00  2.105e-01  2.947e+00  6.449e+00 -3.416e+01    0    1    0    0 NULL NULL
       2   16670     0  4.741e-03  1.392e-02  1.509e+01     0     0    -1   5.66943256733383194045928e+00  3.874e-01 -6.382e+00  4.110e+00 -2.924e+01    0    2    0    0 NULL NULL
       2   16828     0 -6.482e-02 -2.548e-02  1.499e+01     0     0    -1   5.68517886639979330709593e+00  6.729e-01  3.041e+00 -7.685e+00 -3.915e+01    0    1    0    0 NULL NULL
       2   17590     0  7.393e-02  5.015e-03  1.492e+01     0     0    -1   5.76147644914805034943583e+00  9.170e-02  6.923e+00  6.583e+00 -3.782e+01    0    1    0    0 NULL NULL
       2   17904     0 -5.276e-02 -3.604e-02  1.496e+01     0     0    -1   5.79310465798945806170650e+00  4.659e-01 -6.179e+00  1.056e+00 -3.033e+01    0    1    0    0 NULL NULL
       2   17924     0  3.829e-02 -5.887e-02  1.502e+01     0     0    -1   5.79506900241889066904832e+00  5.309e-02 -3.760e+00  7.247e+00 -2.564e+01    0    1    0    0 NULL NULL
       2   18023     0  3.745e-02 -8.390e-03  1.500e+01     0     0    -1   5.80385303230041049715737e+00  1.823e-01 -2.620e+00  1.181e+00 -6.029e+01    0    1    0    0 NULL NULL
       2   18060     0  2.312e-02  5.497e-02  1.505e+01     0     0    -1   5.80867897935519827967710e+00  3.008e-01  5.284e-01  8.256e+00 -4.368e+01    0    2    0    0 NULL NULL
       2   18110     0  2.131e-02  7.606e-02  1.496e+01     0     0    -1   5.81451434823158130882348e+00  3.712e-01 -1.818e+00 -6.857e+00 -3.113e+01    0    1    0    0 NULL NULL
       2   18111     0 -4.659e-02  7.816e-02  1.495e+01     0     0    -1   5.81455959661205401545203e+00  4.679e-01 -2.097e-02  7.611e+00 -3.212e+01    0    1    0    0 NULL NULL
       2   18350     0 -2.523e-02 -8.519e-02  1.508e+01     0     0    -1   5.84029181779338557589654e+00  6.332e-01 -2.336e+00  3.137e-01 -6.148e+01    0    1    0    0 NULL NULL
       2   18516     0 -6.457e-02 -7.107e-02  1.493e+01     0     0    -1   5.85752595563059408334539e+00  6.681e-01 -3.419e+00 -2.377e+00 -3.473e+01    0    1    0    0 NULL NULL
       2   18522     0  7.627e-03  6.379e-02  1.508e+01     0     0    -1   5.85808992537158701452427e+00  1.174e-01 -8.793e+00 -7.103e-01 -3.092e+01    0    1    0    0 NULL NULL
       2   18542     0 -7.613e-02  6.214e-03  1.506e+01     0     0    -1   5.86063592351406192904051e+00  4.379e-01 -2.889e+00  5.558e+00 -3.227e+01    0    1    0    1 NULL NULL
       2   18699     0 -2.053e-02 -2.388e-02  1.497e+01     0     0    -1   5.87383744124181816914643e+00  6.766e-01 -7.767e+00  5.627e+00 -4.933e+01    0    1    0    0 NULL NULL
       2   18973     0  4.350e-02  6.218e-02  1.509e+01     0     0    -1   5.90303812059062416039978e+00  6.574e-01 -4.316e+00  3.363e+00 -6.999e+01    0    0    0    0 NULL NULL
       2   18974     0 -2.820e-02 -2.592e-02  1.493e+01     0     0    -1   5.90314403264873988064210e+00  1.279e-01  9.118e+00  1.963e+00 -3.340e+01    0    1    0    0 NULL NULL
       2   19136     0  9.459e-02 -1.435e-02  1.492e+01     0     0    -1   5.91883585275027090943922e+00  4.253e-01 -2.999e+00  4.689e+00 -2.813e+01    0    2    0    0 NULL NULL
       2   19183     0  3.240e-02 -3.517e-02  1.504e+01     0     0    -1   5.92307206817261011622122e+00  6.659e-01  7.065e+00  2.670e+00 -4.890e+01    0    2    0    0 NULL NULL
       2   19504     0  7.314e-02  5.679e-02  1.493e+01     0     0    -1   5.95312952243664117446542e+00  6.457e-01 -1.432e+00  7.691e+00 -3.599e+01    0    1    0    0 NULL NULL
       2   19541     0  3.732e-02  4.184e-02  1.501e+01     0     0    -1   5.95619155906178665560446e+00  4.509e-01  3.923e-01  3.432e+00 -4.033e+01    0    1    0    0 NULL NULL
       2   19579     0  4.410e-02 -8.810e-02  1.492e+01     0     0    -1   5.95963343378862830945764e+00  6.322e-01  3.603e-01 -4.737e+00 -4.415e+01    0    3    0    0 NULL NULL
       2   19641     0 -1.041e-02 -3.801e-02  1.507e+01     0     0    -1   5.96590888005757769008142e+00  2.010e-01  5.375e+00  2.944e+00 -6.072e+01    0    3    0    0 NULL NULL
       2   19783     0 -1.089e-02  4.382e-02  1.510e+01     0     0    -1   5.97921666295214837560934e+00  1.534e-01  7.784e+00 -5.899e+00 -7.107e+01    0    1    0    0 NULL NULL
       2   19792     0 -1.990e-02 -7.995e-02  1.495e+01     0     0    -1   5.98047217879678427721046e+00  4.608e-01 -1.946e+00 -1.564e+00 -3.160e+01    0    3    0    0 NULL NULL
       2   19883     0 -7.848e-03 -5.925e-02  1.496e+01     0     0    -1   5.99078295588940612503848e+00  4.699e-01  4.079e+00 -4.487e+00 -2.636e+01    0    1    0    0 NULL NULL
       2   19915     0 -5.455e-02  5.469e-02  1.501e+01     0     0    -1   5.99413453131123752370968e+00  3.766e-01  1.240e+00 -1.601e+00 -3.026e+01    0    1    0    0 NULL NULL
       3      87     0  6.988e-02  2.478e-02  1.504e+01     0     0    -1   6.00745647236360014176171e+00  2.155e-01 -7.882e+00  8.941e-02 -4.711e+01    0    1    0    0 NULL NULL
       3     101     0  8.466e-02 -4.811e-05  1.500e+01     0     0    -1   6.00946092941705778400774e+00  1.432e-01 -4.564e+00 -4.107e+00 -2.602e+01    0    1    0    0 NULL NULL
       3     536     0  7.089e-02 -4.940e-02  1.496e+01     0     0    -1   6.05398438348709255762969e+00  6.570e-01 -3.197e+00  7.673e+00 -3.014e+01    0    0    0    0 NULL NULL
       3     544     0 -5.391e-02  5.904e-02  1.505e+01     0     0    -1   6.05484881726597734541429e+00  3.431e-01  4.285e+00  1.116e+00 -4.054e+01    0    4    0    0 NULL NULL
       3     813     0 -1.322e-02  5.986e-03  1.504e+01     0     0    -1   6.08147189208630400969469e+00  2.345e-01 -3.289e+00  6.423e+00 -4.209e+01    0    1    0    0 NULL NULL
       3    1113     0  3.612e-02 -5.063e-02  1.497e+01     0     0    -1   6.11132532547253504162654e+00  1.872e-01 -3.830e+00 -7.708e+00 -2.903e+01    0    1    0    0 NULL NULL
       3    1147     0 -5.956e-02  5.198e-02  1.503e+01     0     0    -1   6.11659138979365568644653e+00  6.704e-01  7.319e+00 -4.668e+00 -3.007e+01    0    3    0    1 NULL NULL
       3    1267     0 -8.298e-02  7.370e-03  1.491e+01     0     0    -1   6.12706705133459905709969e+00  5.582e-01 -8.748e+00 -3.971e+00 -4.476e+01    0    2    0    0 NULL NULL
       3    1313     0 -6.390e-02 -4.946e-02  1.492e+01     0     0    -1   6.13059298100121896624159e+00  6.273e-01  2.542e+00 -4.763e+00 -6.952e+01    0    1    0    0 NULL NULL
       3    1443     0  8.140e-02  3.337e-02  1.493e+01     0     0    -1   6.14103891993484118927427e+00  6.986e-01 -1.914e+00  2.221e-01 -3.557e+01    0    1    0    0 NULL NULL
       3    1474     0  2.597e-02  7.470e-02  1.494e+01     0     0    -1   6.14343868762645062275851e+00  6.735e-01 -1.811e+00  2.062e+00 -5.121e+01    0    2    0    0 NULL NULL
       3    1495     0  3.967e-02 -3.507e-02  1.503e+01     0     0    -1   6.14520010900826019195620e+00  4.440e-01  4.080e+00 -1.776e+00 -4.234e+01    0    2    0    0 NULL NULL
       3    1526     0  6.696e-02 -1.165e-02  1.499e+01     0     0    -1   6.14857108043210409675794e+00  6.287e-01  8.231e+00  4.083e+00 -4.113e+01    0    2    0    0 NULL NULL
       3    1611     0  6.231e-02  2.757e-02  1.494e+01     0     0    -1   6.15767448306969189530946e+00  1.289e-01  1.309e+00 -8.490e+00 -2.684e+01    0    1    0    0 NULL NULL
       3    1652     0 -2.038e-02  4.965e-02  1.492e+01     0     0    -1   6.16289493542429678285544e+00  3.975e-01 -2.563e+00  1.160e+00 -3.226e+01    0    2    0    0 NULL NULL
       3    1658     0 -5.683e-02  4.005e-02  1.504e+01     0     0    -1   6.16350110709864562608118e+00  6.541e-01 -5.496e+00  6.770e+00 -4.009e+01    0    1    0    0 NULL NULL
       3    1849     0  1.079e-02  5.837e-03  1.510e+01     0     0    -1   6.18122667832791172770612e+00  3.296e-01  2.444e+00  3.876e+00 -3.875e+01    0    1    0    0 NULL NULL
       3    1968     0 -3.684e-02 -2.509e-02  1.491e+01     0     0    -1   6.19409464944585419488021e+00  3.688e-01 -1.714e+00 -1.430e+00 -6.810e+01    0    2    0    0 NULL NULL
       3    2081     0 -2.830e-02  8.277e-03  1.505e+01     0     0    -1   6.20595219335259429271900e+00  6.372e-01 -8.285e+00  6.539e-02 -5.101e+01    0    1    0    0 NULL NULL
       3    2129